2.01,1.21,0.89,0.16,0.71,0.2,0.15,3.35,2.62,1.28
1.21,1.8,0.67,0.3,0.72,0.43,0.4,2.31,2.95,0.8
0.89,0.67,1.88,0.27,0.63,0.42,0.77,1.87,3.03,0.74
0.16,0.3,0.27,2.79,0.45,1.15,1.8,0.3,1.49,0.3
0.71,0.72,0.63,0.45,1.47,0.95,0.83,2.03,2.23,0.62
0.2,0.43,0.42,1.15,0.95,3.27,1.32,0.7,2.33,0.24
0.15,0.4,0.77,1.8,0.83,1.32,2.67,0.46,2.01,0.34
3.35,2.31,1.87,0.3,2.03,0.7,0.46,7.13,4,2.53
2.62,2.95,3.03,1.49,2.23,2.33,2.01,4,7.86,2.1
1.28,0.8,0.74,0.3,0.62,0.24,0.34,2.53,2.1,1.55
